0.100260 -0.423619 -0.023499 0.016327 1.005161 
0.177602 -1.169971 -0.026716 0.012932 3.409989 
0.093367 -0.302879 -0.021614 0.013920 0.539142 
0.097994 -0.186741 -0.022027 0.007945 -0.089885 
0.077047 -0.366305 -0.021608 0.012903 0.946717 
0.066874 -0.156993 -0.023759 0.013485 0.446145 
0.068818 0.025363 -0.030580 0.003572 -0.460832 
0.050061 0.159042 -0.036282 0.007275 -0.550606 
-1.246927 29.902103 -0.010922 0.025080 -196.046387 
-0.038149 0.987643 -0.041975 0.009665 -2.646728 
0.027721 -0.033060 0.001840 -0.000602 -0.105999 
0.027721 -0.033060 0.001840 -0.000602 -0.105999 
0.027721 -0.033060 0.001840 -0.000602 -0.105999 
0.024791 -0.034669 0.000495 0.001605 -0.163683 
47.458401 -3135.849121 1.077538 -1.532682 120340.015625 
0.065170 -0.400104 0.000224 -0.001784 0.935049 
