655.787549 0.000000 347.109668 0.000000 661.279868 197.871515 0.000000 0.000000 1.000000 
653.168457 0.000000 340.075856 0.000000 658.601386 198.865662 0.000000 0.000000 1.000000 
660.002115 0.000000 344.374504 0.000000 662.224922 197.868260 0.000000 0.000000 1.000000 
662.755725 0.000000 333.253840 0.000000 660.906614 191.097499 0.000000 0.000000 1.000000 
662.474073 0.000000 341.778510 0.000000 662.695454 193.120095 0.000000 0.000000 1.000000 
665.419080 0.000000 344.456275 0.000000 666.199994 190.120442 0.000000 0.000000 1.000000 
655.142915 0.000000 323.713504 0.000000 661.365152 188.472943 0.000000 0.000000 1.000000 
661.130084 0.000000 332.568794 0.000000 666.253601 175.420693 0.000000 0.000000 1.000000 
821.385754 0.000000 356.046978 0.000000 1469.245977 392.399663 0.000000 0.000000 1.000000 
680.129623 0.000000 342.466968 0.000000 680.642251 155.251213 0.000000 0.000000 1.000000 
570.790998 0.000000 302.573717 0.000000 568.445710 249.137995 0.000000 0.000000 1.000000 
570.790998 0.000000 302.573717 0.000000 568.445710 249.137995 0.000000 0.000000 1.000000 
570.790998 0.000000 302.573717 0.000000 568.445710 249.137995 0.000000 0.000000 1.000000 
639.157521 0.000000 321.116849 0.000000 639.131796 251.813605 0.000000 0.000000 1.000000 
13863.139902 0.000000 -440.470813 0.000000 6061.901407 207.807273 0.000000 0.000000 1.000000 
636.639498 0.000000 314.886063 0.000000 638.003542 256.059141 0.000000 0.000000 1.000000 
